[app/ui]
version = 7.1.1
modtime = 1532401242.080068100

[app/launcher]
version = 7.1.1
modtime = 1532401242.085085600